0	file:/Users/jenniferarnold/mallet-2.0.8/sample-data/web/debate/1970ALB	0.562018172	8.95E-04	0.024297907	3.44E-04	3.44E-04	6.88E-05	0.180960903	0.006952093	0.048526982	6.88E-05	0.006401432	0.090927863	6.19E-04	6.88E-05	6.88E-05	6.88E-05	0.050729626	3.44E-04	0.02622522	6.88E-051	file:/Users/jenniferarnold/mallet-2.0.8/sample-data/web/debate/1970ARG	1.23E-04	1.23E-04	0.290683382	0.001106195	1.23E-04	0.034046214	0.091568338	1.23E-04	0.201696165	6.15E-04	0.094026549	0.149582104	1.23E-04	0.001106195	1.23E-04	0.120083579	0.0070059	0.001106195	0.001597837	0.0050393312	file:/Users/jenniferarnold/mallet-2.0.8/sample-data/web/debate/1970AUS	0.04221968	1.14E-04	0.037643021	1.14E-04	0.039473684	0.088901602	0.031235698	5.72E-04	0.196910755	5.72E-04	1.14E-04	0.241304348	0.073798627	0.003318078	1.14E-04	0.094851259	5.72E-04	0.050915332	0.002402746	0.0948512593	file:/Users/jenniferarnold/mallet-2.0.8/sample-data/web/debate/1970AUT	6.60E-04	0.016508188	0.084653988	0.01967776	1.32E-04	0.020206022	0.130084522	0.002245114	0.233095615	1.32E-04	1.32E-04	0.082012678	0.027073428	1.32E-04	0.00118859	0.326069731	0.021262546	0.025488642	0.005414686	0.00382994	file:/Users/jenniferarnold/mallet-2.0.8/sample-data/web/debate/1970BEL	1.47E-04	7.35E-04	0.165931805	1.47E-04	0.020723104	0.073045267	0.094797178	1.47E-04	0.188271605	0.00249853	0.038359788	0.139476778	0.008377425	0.003674309	0.001322751	0.258230453	0.00308642	7.35E-04	1.47E-04	1.47E-045	file:/Users/jenniferarnold/mallet-2.0.8/sample-data/web/debate/1970BLR	0.254300459	0.011181193	0.070049694	9.56E-05	9.56E-05	0.039850917	0.38962156	0.004300459	0.170967125	9.56E-05	0.005064985	0.023795872	4.78E-04	4.78E-04	9.56E-05	0.011563456	0.007358563	4.78E-04	0.009269878	8.60E-046	file:/Users/jenniferarnold/mallet-2.0.8/sample-data/web/debate/1970BOL	0.036312217	0.001470588	0.334049774	0.068438914	0.024547511	0.009162896	1.13E-04	1.13E-04	0.158031674	0.0010181	0.104638009	0.246266968	1.13E-04	1.13E-04	0.003280543	5.66E-04	0.001923077	0.0010181	0.008710407	1.13E-047	file:/Users/jenniferarnold/mallet-2.0.8/sample-data/web/debate/1970BRA	1.50E-04	1.50E-04	0.224431818	1.50E-04	0.007326555	0.006728469	0.013905502	0.001345694	0.217254785	1.50E-04	0.067733254	0.272278708	0.053379187	7.48E-04	0.001345694	0.074312201	1.50E-04	0.045604067	0.01270933	1.50E-048	file:/Users/jenniferarnold/mallet-2.0.8/sample-data/web/debate/1970CAN	0.003028264	0.009757739	0.105316285	3.36E-04	3.36E-04	0.200874832	0.001682369	3.36E-04	0.258748318	3.36E-04	3.36E-04	0.171265141	3.36E-04	0.011103634	3.36E-04	0.064939435	3.36E-04	0.134925976	0.033983849	0.0016823699	file:/Users/jenniferarnold/mallet-2.0.8/sample-data/web/debate/1970CMR	0.030990017	0.035981697	0.413685524	0.050124792	2.08E-04	0.100041597	0.002703827	2.08E-04	0.138311148	0.002703827	2.08E-04	0.144134775	2.08E-04	2.08E-04	2.08E-04	0.074251248	0.00436772	2.08E-04	0.001039933	2.08E-0410	file:/Users/jenniferarnold/mallet-2.0.8/sample-data/web/debate/1970COG	0.2707502	0.088786911	0.112729449	0.021747805	2.00E-04	2.00E-04	2.00E-04	2.00E-04	0.162210694	0.002593775	2.00E-04	0.202913009	2.00E-04	0.055267358	2.00E-04	0.009776536	2.00E-04	0.007382283	0.064046289	2.00E-0411	file:/Users/jenniferarnold/mallet-2.0.8/sample-data/web/debate/1970COL	0.007266893	9.44E-05	0.186202341	4.72E-04	0.057097018	0.02614194	0.02614194	0.001226878	0.139769724	9.44E-05	0.120517176	0.253775009	9.44E-05	9.44E-05	9.44E-05	0.149207248	9.44E-05	0.018214421	0.013306908	9.44E-0512	file:/Users/jenniferarnold/mallet-2.0.8/sample-data/web/debate/1970CRI	0.021714154	0.002872243	0.159581801	1.15E-04	0.072265625	0.006089154	0.046070772	1.15E-04	0.260225184	1.15E-04	0.141659007	0.111328125	0.017578125	5.74E-04	1.15E-04	0.099839154	0.013442096	0.002872243	0.042394301	0.00103400713	file:/Users/jenniferarnold/mallet-2.0.8/sample-data/web/debate/1970CUB	0.382751938	0.038898117	0.032807309	0.001245847	0.039451827	0.001799557	0.007890365	1.38E-04	0.119739756	1.38E-04	0.117524917	0.075996678	0.004014396	1.38E-04	0.002353267	0.078765227	1.38E-04	1.38E-04	0.091500554	0.00456810614	file:/Users/jenniferarnold/mallet-2.0.8/sample-data/web/debate/1970DOM	1.78E-04	8.92E-04	0.266940086	8.92E-04	1.78E-04	0.015156919	0.097182596	1.78E-04	0.145684736	8.92E-04	0.038694722	0.316155492	8.92E-04	1.78E-04	1.78E-04	0.067225392	0.009450785	0.038694722	1.78E-04	1.78E-0415	file:/Users/jenniferarnold/mallet-2.0.8/sample-data/web/debate/1970DZA	0.342566815	0.043569042	0.150473274	0.031319599	1.39E-04	6.96E-04	1.39E-04	1.39E-04	0.193346325	1.39E-04	1.39E-04	0.12263363	1.39E-04	1.39E-04	1.39E-04	1.39E-04	0.051920935	1.39E-04	0.061943207	1.39E-0416	file:/Users/jenniferarnold/mallet-2.0.8/sample-data/web/debate/1970ECU	0.035259674	0.01845723	0.138620163	0.01947556	0.003691446	0.010819756	0.103996945	1.27E-04	0.19462831	1.27E-04	0.081084521	0.219577393	0.001654786	1.27E-04	1.27E-04	0.118253564	1.27E-04	1.27E-04	0.053589613	1.27E-0417	file:/Users/jenniferarnold/mallet-2.0.8/sample-data/web/debate/1970FRA	0.030746395	0.010390161	0.134223919	0.037531807	0.006149279	0.002756573	0.046861747	2.12E-04	0.168150975	2.12E-04	0.00360475	0.291984733	2.12E-04	2.12E-04	0.002756573	0.193596268	0.005301103	0.001060221	0.06043257	0.0036047518	file:/Users/jenniferarnold/mallet-2.0.8/sample-data/web/debate/1970GBR	2.33E-04	0.001162791	0.004883721	0.02627907	2.33E-04	2.33E-04	0.092325581	2.33E-04	0.160232558	2.33E-04	0.004883721	0.30627907	0.056046512	0.011395349	2.33E-04	0.128604651	0.034651163	0.023488372	0.148139535	2.33E-0419	file:/Users/jenniferarnold/mallet-2.0.8/sample-data/web/debate/1970GHA	0.002342889	0.048649394	0.123070562	0.005099228	0.128583241	0.122519294	0.029906284	1.38E-04	0.206863286	1.38E-04	0.001240353	0.108737596	0.003445424	1.38E-04	1.38E-04	1.38E-04	1.38E-04	0.217337376	0.001240353	1.38E-0420	file:/Users/jenniferarnold/mallet-2.0.8/sample-data/web/debate/1970GIN	0.220178926	0.194333996	0.165838304	1.66E-04	0.001491054	8.28E-04	1.66E-04	8.28E-04	0.226805832	1.66E-04	8.28E-04	0.095593108	1.66E-04	1.66E-04	0.004141816	0.070410868	1.66E-04	1.66E-04	0.017395626	1.66E-0421	file:/Users/jenniferarnold/mallet-2.0.8/sample-data/web/debate/1970GMB	0.027974891	0.079284934	0.08856441	0.011599345	0.031795852	0.005594978	0.030704148	1.36E-04	0.291621179	1.36E-04	0.002319869	0.155704148	0.04544214	0.032341703	6.82E-04	0.012691048	0.005049127	0.158979258	0.015966157	0.00341157222	file:/Users/jenniferarnold/mallet-2.0.8/sample-data/web/debate/1970GTM	0.001252505	0.005260521	0.247745491	2.51E-04	2.51E-04	0.026302605	0.061372745	2.51E-04	0.272795591	2.51E-04	0.116482966	0.098446894	0.035320641	0.002254509	0.003256513	0.125501002	2.51E-04	0.001252505	0.001252505	2.51E-0423	file:/Users/jenniferarnold/mallet-2.0.8/sample-data/web/debate/1970HND	0.002028855	2.25E-04	0.227457169	0.033588819	0.019161407	0.027276826	0.002028855	2.25E-04	0.188683499	2.25E-04	0.241884581	0.141794409	2.25E-04	0.002028855	2.25E-04	0.086789901	0.003832281	0.003832281	0.01735798	0.00112714224	file:/Users/jenniferarnold/mallet-2.0.8/sample-data/web/debate/1970HTI	0.047446406	1.58E-04	0.194356873	0.067622951	0.086538462	1.58E-04	0.010876419	0.00204918	0.111759142	1.58E-04	0.024747793	0.215163934	1.58E-04	0.013398487	7.88E-04	0.044293821	1.58E-04	0.037988651	0.141393443	7.88E-0425	file:/Users/jenniferarnold/mallet-2.0.8/sample-data/web/debate/1970IDN	0.056489445	0.018178264	0.113565285	0.003322909	0.013487099	9.77E-04	0.053362002	0.001759187	0.363760751	1.95E-04	9.77E-04	0.083854574	0.088545739	0.008014073	0.00488663	0.012705238	0.018960125	0.109655981	1.95E-04	0.04710711526	file:/Users/jenniferarnold/mallet-2.0.8/sample-data/web/debate/1970IND	0.002671276	7.86E-04	0.162319296	0.025298554	7.86E-04	0.065524827	0.101979887	1.57E-04	0.299340038	0.017127593	1.57E-04	0.056096794	0.189346323	0.001414205	0.00204274	1.57E-04	1.57E-04	0.046040226	0.028441232	1.57E-0427	file:/Users/jenniferarnold/mallet-2.0.8/sample-data/web/debate/1970IRN	0.014741519	2.02E-04	0.066437803	2.02E-04	2.02E-04	2.02E-04	0.04947496	0.009087237	0.296647819	0.010702746	0.002625202	0.138327948	0.035743134	2.02E-04	2.02E-04	0.04220517	0.211833603	0.094709208	0.023626817	0.00262520228	file:/Users/jenniferarnold/mallet-2.0.8/sample-data/web/debate/1970IRQ	0.232441923	0.001755808	0.076310103	1.35E-04	0.01904376	0.018503512	1.35E-04	1.35E-04	0.18273906	1.35E-04	6.75E-04	0.067666126	1.35E-04	1.35E-04	1.35E-04	0.051458671	0.326985413	1.35E-04	0.019584009	0.00175580829	file:/Users/jenniferarnold/mallet-2.0.8/sample-data/web/debate/1970ISL	1.73E-04	8.65E-04	0.050692042	1.73E-04	0.021626298	0.005709343	0.085986159	0.001557093	0.315743945	1.73E-04	0.013321799	0.110899654	1.73E-04	0.001557093	8.65E-04	0.190484429	1.73E-04	0.057612457	0.006401384	0.13581314930	file:/Users/jenniferarnold/mallet-2.0.8/sample-data/web/debate/1970ISR	0.037235563	7.15E-05	0.003787879	7.15E-05	0.005217267	7.15E-05	0.068396226	7.15E-05	0.08126072	3.57E-04	0.008076043	0.228487707	0.01579474	7.15E-05	0.003216123	0.105846198	0.237635792	0.02665809	0.177029731	6.43E-0431	file:/Users/jenniferarnold/mallet-2.0.8/sample-data/web/debate/1970ITA	2.35E-04	2.35E-04	0.223189087	0.00682032	2.35E-04	0.002116651	0.097130762	2.35E-04	0.27116651	2.35E-04	2.35E-04	0.046331138	2.35E-04	2.35E-04	0.011523989	0.281514581	0.027516463	0.020931326	2.35E-04	0.00964252132	file:/Users/jenniferarnold/mallet-2.0.8/sample-data/web/debate/1970JPN	0.011339846	0.001570133	0.161374738	1.74E-04	8.72E-04	0.25209351	0.046231682	1.74E-04	0.242323796	1.74E-04	1.74E-04	0.081123517	0.01064201	1.74E-04	1.74E-04	0.106245639	0.007152826	0.049720865	1.74E-04	0.02808792733	file:/Users/jenniferarnold/mallet-2.0.8/sample-data/web/debate/1970KEN	0.077076923	0.255538462	0.002615385	0.046923077	0.002	0.019230769	0.006923077	0.002615385	0.188461538	1.54E-04	7.69E-04	0.101692308	0.083846154	0.001384615	0.002615385	0.005692308	0.002615385	0.17	0.029692308	1.54E-0434	file:/Users/jenniferarnold/mallet-2.0.8/sample-data/web/debate/1970KHM	0.406794872	1.28E-04	0.047307692	0.001153846	1.28E-04	0.017051282	6.41E-04	1.28E-04	0.180128205	1.28E-04	1.28E-04	0.066282051	1.28E-04	0.002692308	0.002692308	0.132435897	0.002692308	0.031410256	0.100641026	0.00730769235	file:/Users/jenniferarnold/mallet-2.0.8/sample-data/web/debate/1970KWT	2.02E-04	0.021203554	0.126211632	0.001009693	0.025242326	0.005048465	2.02E-04	0.002625202	0.206987076	2.02E-04	0.002625202	0.199717286	2.02E-04	2.02E-04	2.02E-04	0.001817447	0.274030695	0.120557351	0.011510501	2.02E-0436	file:/Users/jenniferarnold/mallet-2.0.8/sample-data/web/debate/1970LBN	0.019335142	3.39E-04	0.171302578	3.39E-04	3.39E-04	0.01797829	3.39E-04	3.39E-04	0.141451832	3.39E-04	0.005766621	0.19165536	0.001696065	3.39E-04	3.39E-04	0.098032564	0.28256445	0.001696065	0.065468114	3.39E-0437	file:/Users/jenniferarnold/mallet-2.0.8/sample-data/web/debate/1970LBR	1.32E-04	0.082759534	0.053628178	0.081700212	1.32E-04	0.043034958	0.064221398	1.32E-04	0.244835805	6.62E-04	0.002251059	0.146848517	1.32E-04	0.008077331	1.32E-04	0.057335805	0.001191737	0.183395127	0.025556144	0.00384004238	file:/Users/jenniferarnold/mallet-2.0.8/sample-data/web/debate/1970LBY	0.117897727	0.007508117	0.116274351	2.03E-04	2.03E-04	2.03E-04	2.03E-04	2.03E-04	0.246144481	2.03E-04	2.03E-04	0.082183442	0.006696429	2.03E-04	0.00588474	0.032670455	0.345170455	0.037540584	2.03E-04	2.03E-0439	file:/Users/jenniferarnold/mallet-2.0.8/sample-data/web/debate/1970LKA	0.005016269	0.044061822	0.005558568	0.018031453	0.063042299	0.002847072	0.061415401	1.36E-04	0.273996746	1.36E-04	1.36E-04	0.135710412	0.13733731	0.00393167	0.00447397	0.074430586	1.36E-04	0.125949024	0.043519523	1.36E-0440	file:/Users/jenniferarnold/mallet-2.0.8/sample-data/web/debate/1970MAR	0.019064359	0.102893456	0.267306652	0.026636019	1.35E-04	0.011492699	0.041238507	1.35E-04	0.226203353	0.01365603	1.35E-04	0.136425095	0.003380206	0.012033532	1.35E-04	0.040697674	0.087750135	0.009329367	0.001216874	1.35E-0441	file:/Users/jenniferarnold/mallet-2.0.8/sample-data/web/debate/1970MDG	0.026303538	0.029096834	0.286080074	0.030959032	0.001163873	2.33E-04	0.019785847	2.33E-04	0.194832402	0.001163873	0.011405959	0.272113594	2.33E-04	2.33E-04	2.33E-04	0.072858473	0.006750466	0.044925512	2.33E-04	0.00116387342	file:/Users/jenniferarnold/mallet-2.0.8/sample-data/web/debate/1970MEX	1.53E-04	7.64E-04	0.163355746	0.005654034	0.006876528	0.058832518	0.083282396	1.53E-04	0.209810513	1.53E-04	0.09856357	0.18658313	0.033771394	1.53E-04	7.64E-04	0.149297066	1.53E-04	7.64E-04	7.64E-04	1.53E-0443	file:/Users/jenniferarnold/mallet-2.0.8/sample-data/web/debate/1970MMR	1.86E-04	0.002423565	0.122483221	1.86E-04	1.86E-04	0.050894855	0.160514541	1.86E-04	0.259694258	1.86E-04	9.32E-04	0.105331842	0.122483221	0.002423565	1.86E-04	0.015100671	1.86E-04	0.156040268	1.86E-04	1.86E-0444	file:/Users/jenniferarnold/mallet-2.0.8/sample-data/web/debate/1970NLD	7.63E-04	1.53E-04	0.072757779	1.53E-04	0.023337401	0.006863941	0.192342892	1.53E-04	0.27776083	1.53E-04	0.003813301	0.089841367	0.053233679	1.53E-04	0.001982916	0.150854179	7.63E-04	0.059945088	0.045912142	0.01906650445	file:/Users/jenniferarnold/mallet-2.0.8/sample-data/web/debate/1970NOR	0.003186275	2.45E-04	0.169852941	0.00122549	2.45E-04	0.141421569	0.050245098	2.45E-04	0.190441176	0.012009804	2.45E-04	0.095343137	2.45E-04	2.45E-04	0.009068627	0.220833333	0.00122549	0.080637255	0.022794118	2.45E-0446	file:/Users/jenniferarnold/mallet-2.0.8/sample-data/web/debate/1970NZL	0.085441176	1.47E-04	0.0525	1.47E-04	0.054852941	0.057794118	0.008970588	0.003676471	0.176029412	1.47E-04	7.35E-04	0.211323529	0.006029412	1.47E-04	0.001911765	0.164852941	7.35E-04	0.118382353	0.001911765	0.05426470647	file:/Users/jenniferarnold/mallet-2.0.8/sample-data/web/debate/1970PAK	7.44E-05	0.016443452	0.009598214	7.44E-05	6.70E-04	0.0390625	0.077752976	0.005431548	0.203348214	7.44E-05	0.003050595	0.147098214	0.193824405	7.44E-05	7.44E-05	0.078050595	0.064360119	0.090848214	0.070014881	7.44E-0548	file:/Users/jenniferarnold/mallet-2.0.8/sample-data/web/debate/1970PER	0.016263238	1.26E-04	0.344553707	0.031896117	1.26E-04	0.01172466	6.30E-04	6.30E-04	0.219994957	1.26E-04	0.16301059	0.153933434	0.007186082	1.26E-04	1.26E-04	0.045511851	1.26E-04	1.26E-04	1.26E-04	0.00365607749	file:/Users/jenniferarnold/mallet-2.0.8/sample-data/web/debate/1970PHL	0.002697842	3.00E-04	0.002697842	0.030275779	0.025479616	0.036270983	3.00E-04	3.00E-04	0.235311751	3.00E-04	3.00E-04	0.231714628	0.086630695	0.009892086	0.054256595	0.081834532	3.00E-04	0.180155875	3.00E-04	0.02068345350	file:/Users/jenniferarnold/mallet-2.0.8/sample-data/web/debate/1970PRY	0.002382698	0.006781525	0.291972141	0.013379765	1.83E-04	0.031708211	1.83E-04	9.16E-04	0.172470674	1.83E-04	0.091825513	0.258247801	1.83E-04	1.83E-04	0.01191349	0.068365103	0.005315249	0.040505865	9.16E-04	0.00238269851	file:/Users/jenniferarnold/mallet-2.0.8/sample-data/web/debate/1970RWA	0.066930776	0.131150959	0.154503753	0.077773144	0.0293995	2.09E-04	0.008548791	2.09E-04	0.224562135	0.001042535	2.09E-04	0.208715596	2.09E-04	0.025229358	0.001876564	0.016889074	2.09E-04	2.09E-04	0.051918265	2.09E-0452	file:/Users/jenniferarnold/mallet-2.0.8/sample-data/web/debate/1970SDN	0.11556962	0.025949367	1.27E-04	0.033037975	1.27E-04	0.003164557	1.27E-04	1.27E-04	0.195063291	0.002151899	1.27E-04	0.32164557	6.33E-04	0.001139241	1.27E-04	0.036075949	0.060379747	0.114050633	0.088734177	0.0016455753	file:/Users/jenniferarnold/mallet-2.0.8/sample-data/web/debate/1970SGP	0.005172414	0.001231527	0.004187192	0.001231527	0.00320197	0.15	2.46E-04	2.46E-04	0.122413793	2.46E-04	2.46E-04	0.346059113	0.004187192	0.002216749	2.46E-04	0.122413793	2.46E-04	0.199261084	0.035714286	0.00123152754	file:/Users/jenniferarnold/mallet-2.0.8/sample-data/web/debate/1970SLE	1.49E-04	0.113042187	0.026292335	0.001336898	0.054812834	0.041146762	0.076797386	1.49E-04	0.216428996	0.015002971	1.49E-04	0.111259655	0.093434343	0.020350564	1.49E-04	0.056595365	1.49E-04	0.149286988	0.022133096	0.00133689855	file:/Users/jenniferarnold/mallet-2.0.8/sample-data/web/debate/1970SLV	8.73E-05	0.001484457	0.180667132	8.73E-05	0.041652113	0.032920014	0.061561299	8.73E-05	0.214547677	4.37E-04	0.031872162	0.237251135	0.017551519	0.001135173	4.37E-04	0.16460007	0.004977297	0.008470136	8.73E-05	8.73E-0556	file:/Users/jenniferarnold/mallet-2.0.8/sample-data/web/debate/1970SOM	0.087139423	0.149158654	0.010697115	0.028004808	1.20E-04	6.01E-04	0.060216346	1.20E-04	0.2328125	1.20E-04	1.20E-04	0.130408654	0.0265625	0.038581731	1.20E-04	0.044350962	0.034735577	0.123197115	0.029447115	0.00348557757	file:/Users/jenniferarnold/mallet-2.0.8/sample-data/web/debate/1970SYR	0.148064687	0.104586426	0.009146341	0.025053022	0.001193001	1.33E-04	1.33E-04	6.63E-04	0.157608696	1.33E-04	0.0128579	0.166092259	0.002253446	1.33E-04	1.33E-04	0.043610817	0.14276246	1.33E-04	0.180938494	0.00437433758	file:/Users/jenniferarnold/mallet-2.0.8/sample-data/web/debate/1970TGO	0.024454829	0.154672897	0.23317757	0.005140187	0.068691589	0.003894081	0.030685358	1.56E-04	0.258099688	0.002647975	1.56E-04	0.12788162	0.002647975	0.026323988	0.003894081	0.01635514	7.79E-04	0.001401869	0.036915888	0.00202492259	file:/Users/jenniferarnold/mallet-2.0.8/sample-data/web/debate/1970THA	0.060698583	0.005984367	0.054347826	0.002076209	0.04457743	0.047020029	0.056301905	1.22E-04	0.207254519	0.006472887	1.22E-04	0.183317049	0.106130923	0.00109917	1.22E-04	0.040669272	0.014289204	0.121275037	0.008915486	0.03920371360	file:/Users/jenniferarnold/mallet-2.0.8/sample-data/web/debate/1970TTO	1.71E-04	0.013879369	0.159184373	8.57E-04	0.218128855	0.002912954	1.71E-04	1.71E-04	0.264736121	1.71E-04	0.002912954	0.081734064	0.072823852	1.71E-04	0.002912954	0.033070596	8.57E-04	0.126285127	1.71E-04	0.01867717661	file:/Users/jenniferarnold/mallet-2.0.8/sample-data/web/debate/1970TUN	0.053316886	0.03029057	0.210663377	0.046737939	0.02535636	0.031387061	1.37E-04	1.37E-04	0.281387061	1.37E-04	0.001781798	0.170641447	0.002878289	1.37E-04	0.002330044	1.37E-04	0.098821272	1.37E-04	0.043448465	1.37E-0462	file:/Users/jenniferarnold/mallet-2.0.8/sample-data/web/debate/1970TUR	1.47E-04	0.021310994	0.282921811	0.034244562	0.001322751	0.035420341	0.067754262	0.028365667	0.292328042	0.00308642	1.47E-04	0.151234568	0.011904762	0.004262199	0.027189888	0.012492651	0.012492651	0.012492651	1.47E-04	7.35E-0463	file:/Users/jenniferarnold/mallet-2.0.8/sample-data/web/debate/1970UKR	0.116617719	0.019211943	0.152349486	0.004038179	0.028022516	0.010890847	0.378487518	6.12E-04	0.201786588	1.22E-04	6.12E-04	0.061306902	6.12E-04	1.22E-04	1.22E-04	0.022638277	0.001101322	1.22E-04	1.22E-04	0.00110132264	file:/Users/jenniferarnold/mallet-2.0.8/sample-data/web/debate/1970URY	1.41E-04	1.41E-04	0.143721847	1.41E-04	0.033361486	0.021537162	0.035613739	1.41E-04	0.194960586	1.41E-04	0.173001126	0.149915541	0.008023649	0.002393018	7.04E-04	0.207911036	0.001829955	0.001266892	0.024915541	1.41E-0465	file:/Users/jenniferarnold/mallet-2.0.8/sample-data/web/debate/1970USA	9.85E-05	8.87E-04	0.018624359	8.87E-04	0.034391013	0.246452503	0.058040993	0.001281041	0.227532519	0.034785179	0.006011037	0.108888451	0.03360268	4.93E-04	9.85E-05	0.115983445	0.003251872	0.070654316	0.037150177	8.87E-0466	file:/Users/jenniferarnold/mallet-2.0.8/sample-data/web/debate/1970VEN	0.013098318	1.62E-04	0.309993532	0.108829237	0.009217335	1.62E-04	0.007276843	1.62E-04	0.093952135	1.62E-04	0.02732859	0.353331177	1.62E-04	8.09E-04	0.004042691	0.007276843	1.62E-04	1.62E-04	0.0635511	1.62E-0467	file:/Users/jenniferarnold/mallet-2.0.8/sample-data/web/debate/1970YUG	0.062198068	2.01E-04	0.267512077	0.010668277	0.005032206	0.038848631	0.194243156	0.034822866	0.155595813	2.01E-04	2.01E-04	0.132246377	0.029186795	2.01E-04	0.001006441	0.001811594	2.01E-04	0.064613527	0.001006441	2.01E-0468	file:/Users/jenniferarnold/mallet-2.0.8/sample-data/web/debate/1970ZAF	0.061613774	0.108879136	0.085246455	0.110229575	0.01839973	1.69E-04	0.014348413	1.69E-04	0.1041526	0.002194463	1.69E-04	0.195982444	1.69E-04	1.69E-04	1.69E-04	0.150742741	0.002194463	0.144665766	1.69E-04	1.69E-0469	file:/Users/jenniferarnold/mallet-2.0.8/sample-data/web/debate/1970ZMB	0.101143973	0.17703683	0.041992188	0.00125558	1.40E-04	6.98E-04	0.034179688	1.40E-04	0.209960938	1.40E-04	0.00125558	0.141322545	0.02469308	0.007952009	0.00125558	0.030831473	0.025809152	0.148577009	0.051478795	1.40E-0470	file:/Users/jenniferarnold/mallet-2.0.8/sample-data/web/debate/1971AFG	0.100029904	1.50E-04	0.133522727	0.018092105	1.50E-04	0.007924641	1.50E-04	1.50E-04	0.325508373	1.50E-04	1.50E-04	0.092254785	0.093450957	0.004934211	1.50E-04	0.03902512	0.105412679	0.043809809	0.033642344	0.00134569471	file:/Users/jenniferarnold/mallet-2.0.8/sample-data/web/debate/1971ALB	0.534656988	3.56E-04	0.068673498	0.003202391	0.010034159	7.12E-05	0.15264731	0.014019357	0.055579277	7.12E-05	7.12E-05	0.140691716	0.003202391	7.12E-05	3.56E-04	0.004056362	0.010318816	6.40E-04	7.12E-05	0.00120979272	file:/Users/jenniferarnold/mallet-2.0.8/sample-data/web/debate/1971ARG	0.003977821	0.00156702	0.30966731	1.21E-04	0.004459981	0.00253134	0.00108486	0.00108486	0.257594021	1.21E-04	0.096070395	0.193948891	0.006870781	1.21E-04	0.00156702	0.101856316	1.21E-04	0.012656702	0.004459981	1.21E-0473	file:/Users/jenniferarnold/mallet-2.0.8/sample-data/web/debate/1971AUS	0.023035714	1.79E-04	0.10875	0.002321429	0.020892857	0.007321429	1.79E-04	0.002321429	0.238035714	1.79E-04	1.79E-04	0.150178571	0.145892857	1.79E-04	8.93E-04	0.070178571	1.79E-04	0.078035714	0.005178571	0.14589285774	file:/Users/jenniferarnold/mallet-2.0.8/sample-data/web/debate/1971AUT	1.69E-04	0.002201897	0.027269648	1.69E-04	1.69E-04	0.08350271	0.18648374	1.69E-04	0.301659892	0.030657182	1.69E-04	0.058434959	0.017784553	1.69E-04	0.002201897	0.25152439	0.00152439	0.035399729	1.69E-04	1.69E-0475	file:/Users/jenniferarnold/mallet-2.0.8/sample-data/web/debate/1971BDI	0.037107043	0.115499403	0.214186232	0.010047752	0.017608436	9.95E-05	0.052626343	9.95E-05	0.199462793	9.95E-05	9.95E-05	0.231695185	0.006864306	0.026760844	9.95E-05	0.009649821	9.95E-05	0.001293275	0.076104258	4.97E-0476	file:/Users/jenniferarnold/mallet-2.0.8/sample-data/web/debate/1971BEL	0.004420732	0.011128049	0.150762195	0.001371951	1.52E-04	0.014176829	0.056859756	7.62E-04	0.201981707	1.52E-04	1.52E-04	0.193445122	0.030030488	0.024542683	7.62E-04	0.242835366	0.036128049	0.030030488	1.52E-04	1.52E-0477	file:/Users/jenniferarnold/mallet-2.0.8/sample-data/web/debate/1971BEN	0.005325815	0.110588972	0.230889724	0.052944862	0.012844612	3.13E-04	0.00783208	3.13E-04	0.319862155	3.13E-04	0.001566416	0.171992481	0.005325815	3.13E-04	0.009085213	0.027882206	3.13E-04	0.012844612	0.027882206	0.00156641678	file:/Users/jenniferarnold/mallet-2.0.8/sample-data/web/debate/1971BFA	0.034303257	0.199813134	0.273491725	0.002269087	0.033235451	6.67E-04	1.33E-04	1.33E-04	0.285237587	0.003336893	6.67E-04	0.128270155	6.67E-04	0.001201281	1.33E-04	0.003870796	0.009743727	0.001201281	0.021489589	1.33E-0479	file:/Users/jenniferarnold/mallet-2.0.8/sample-data/web/debate/1971BGR	0.128836834	0.009289176	0.151992461	1.35E-04	0.004442649	1.35E-04	0.371163166	0.012520194	0.193457189	0.006058158	0.008750673	0.042137857	1.35E-04	0.035137318	1.35E-04	0.003904146	0.030829295	6.73E-04	1.35E-04	1.35E-0480	file:/Users/jenniferarnold/mallet-2.0.8/sample-data/web/debate/1971BLR	0.283547794	9.19E-05	0.0390625	9.19E-05	0.003768382	0.0015625	0.362224265	9.19E-05	0.175091912	4.60E-04	0.003033088	0.055606618	9.19E-05	9.19E-05	9.19E-05	0.025091912	0.025459559	4.60E-04	0.023988971	9.19E-0581	file:/Users/jenniferarnold/mallet-2.0.8/sample-data/web/debate/1971BOL	0.072547823	1.02E-04	0.176739927	0.007020757	0.020858771	0.001729752	0.016788767	0.010683761	0.164936915	1.02E-04	0.19993895	0.214183964	9.16E-04	1.02E-04	1.02E-04	0.035103785	0.012311762	1.02E-04	0.065628816	1.02E-0482	file:/Users/jenniferarnold/mallet-2.0.8/sample-data/web/debate/1971BRA	0.001448809	1.61E-04	0.33628461	0.003380554	0.002092724	0.076142949	8.05E-04	0.002092724	0.142466194	0.002736639	0.064552479	0.257083065	0.045235029	1.61E-04	8.05E-04	0.051674179	1.61E-04	0.012395364	1.61E-04	1.61E-0483	file:/Users/jenniferarnold/mallet-2.0.8/sample-data/web/debate/1971CAF	1.65E-04	0.145943272	0.255441953	0.01335752	0.054914248	0.004122691	0.029848285	0.00280343	0.271273087	0.002143799	0.023911609	0.060191293	8.25E-04	0.053594987	0.007420844	0.056233509	0.00280343	0.01401715	8.25E-04	1.65E-0484	file:/Users/jenniferarnold/mallet-2.0.8/sample-data/web/debate/1971CAN	2.00E-04	0.001802885	0.072315705	0.008213141	0.089142628	0.178084936	0.120392628	2.00E-04	0.200520833	0.006610577	2.00E-04	0.154046474	0.049078526	0.005809295	2.00E-04	0.017828526	2.00E-04	0.036258013	0.001802885	0.05709134685	file:/Users/jenniferarnold/mallet-2.0.8/sample-data/web/debate/1971CHL	0.141781836	0.011969398	0.264684107	0.003084896	1.23E-04	6.17E-04	0.017892399	0.002591313	0.236056269	1.23E-04	0.193114511	0.094891412	1.23E-04	1.23E-04	0.00209773	0.019373149	0.004565647	1.23E-04	1.23E-04	0.0065399886	file:/Users/jenniferarnold/mallet-2.0.8/sample-data/web/debate/1971CHN	0.178219852	2.05E-04	0.003486464	0.017432322	0.024815422	0.001025431	0.042863002	2.05E-04	0.151968827	2.05E-04	2.05E-04	0.247949139	0.037120591	0.005127153	2.05E-04	2.05E-04	0.007588187	0.142945037	0.13802297	2.05E-0487	file:/Users/jenniferarnold/mallet-2.0.8/sample-data/web/debate/1971CIV	0.024925595	0.188616071	0.204489087	1.24E-04	0.110739087	1.24E-04	1.24E-04	6.20E-04	0.154389881	1.24E-04	0.004092262	0.243675595	1.24E-04	0.001116071	1.24E-04	0.032366071	1.24E-04	1.24E-04	0.033854167	1.24E-0488	file:/Users/jenniferarnold/mallet-2.0.8/sample-data/web/debate/1971CMR	0.035910339	0.205169259	0.180466606	2.29E-04	0.001143641	2.29E-04	0.002973468	2.29E-04	0.254574565	0.001143641	2.29E-04	0.203339433	0.002058554	0.021271729	0.003888381	0.009377859	2.29E-04	0.028591034	0.046889296	0.00205855489	file:/Users/jenniferarnold/mallet-2.0.8/sample-data/web/debate/1971COD	0.071229913	0.208436341	0.194839308	0.021168109	0.008807169	1.55E-04	1.55E-04	1.55E-04	0.238102596	1.55E-04	1.55E-04	0.109548826	7.73E-04	0.069375773	1.55E-04	1.55E-04	1.55E-04	0.035383189	0.019932015	0.02116810990	file:/Users/jenniferarnold/mallet-2.0.8/sample-data/web/debate/1971COG	0.303393524	0.128424658	0.104763387	0.001400996	0.010740971	1.56E-04	0.007004981	1.56E-04	0.183219178	7.78E-04	7.78E-04	0.160803238	1.56E-04	0.025684932	1.56E-04	0.009495641	1.56E-04	0.042496887	0.018835616	0.00140099691	file:/Users/jenniferarnold/mallet-2.0.8/sample-data/web/debate/1971COL	0.019631236	1.08E-04	0.182321041	0.022668113	0.045661605	1.08E-04	0.049132321	0.007483731	0.209219089	1.08E-04	0.153687636	0.220065076	0.002277657	1.08E-04	1.08E-04	0.08340564	0.003579176	1.08E-04	1.08E-04	1.08E-0492	file:/Users/jenniferarnold/mallet-2.0.8/sample-data/web/debate/1971CSK	0.052254987	2.17E-04	0.13725065	2.17E-04	2.17E-04	0.009757155	0.493712056	0.017562879	0.202298352	0.003686036	0.001951431	0.053989592	0.001951431	0.001084128	0.006287944	0.004553339	0.001951431	0.005420642	0.005420642	2.17E-0493	file:/Users/jenniferarnold/mallet-2.0.8/sample-data/web/debate/1971CUB	0.538899139	1.54E-04	0.054889299	7.69E-04	0.00199877	1.54E-04	0.008148831	1.54E-04	0.03397909	0.008763838	0.145295203	0.113314883	1.54E-04	0.003843788	0.002613776	0.025369004	7.69E-04	1.54E-04	0.060424354	1.54E-0494	file:/Users/jenniferarnold/mallet-2.0.8/sample-data/web/debate/1971CYP	7.39E-04	0.00251182	0.095301418	0.006648936	1.48E-04	0.001329787	0.037972813	1.48E-04	0.389036643	1.48E-04	1.48E-04	0.23537234	0.014332151	0.001329787	7.39E-04	0.076979905	0.004875887	0.126625296	0.005466903	1.48E-0495	file:/Users/jenniferarnold/mallet-2.0.8/sample-data/web/debate/1971DOM	1.37E-04	1.37E-04	0.171268453	0.013805358	1.37E-04	0.001776927	0.046063423	6.83E-04	0.228130126	0.015992346	0.058091853	0.291552761	1.37E-04	1.37E-04	1.37E-04	0.102378349	6.83E-04	0.04825041	0.02036632	1.37E-0496	file:/Users/jenniferarnold/mallet-2.0.8/sample-data/web/debate/1971DZA	0.148516036	0.13128291	0.284466252	0.003949258	1.20E-04	1.20E-04	1.20E-04	1.20E-04	0.196385831	0.00107707	1.20E-04	0.164791766	0.021182384	0.011608425	0.001555768	0.02213978	1.20E-04	0.001555768	0.006821446	0.00394925897	file:/Users/jenniferarnold/mallet-2.0.8/sample-data/web/debate/1971ECU	1.28E-04	0.01089185	0.266658124	0.044720656	0.039595079	1.28E-04	1.28E-04	1.28E-04	0.252306509	1.28E-04	0.098026653	0.196950282	1.28E-04	1.28E-04	1.28E-04	0.039082522	0.001153255	0.014479754	0.03498206	1.28E-0498	file:/Users/jenniferarnold/mallet-2.0.8/sample-data/web/debate/1971EGY	0.070994091	0.026850886	0.005648245	4.34E-04	8.69E-05	8.69E-05	0.019204032	8.69E-05	0.202033368	4.34E-04	0.00286757	0.042492179	0.001129649	0.009819256	8.69E-05	0.076207855	0.513816475	0.001824818	0.025460549	4.34E-0499	file:/Users/jenniferarnold/mallet-2.0.8/sample-data/web/debate/1971ESP	0.002063492	1.59E-04	0.274444444	0.004603175	0.025555556	0.012222222	0.037619048	1.59E-04	0.263650794	7.94E-04	0.065555556	0.122698413	0.006507937	1.59E-04	0.003968254	0.153809524	0.018571429	0.007142857	1.59E-04	1.59E-04100	file:/Users/jenniferarnold/mallet-2.0.8/sample-data/web/debate/1971ETH	0.017056075	0.096495327	0.150700935	2.34E-04	0.002102804	0.001168224	0.003037383	2.34E-04	0.370327103	2.34E-04	2.34E-04	0.127336449	0.012383178	0.035747664	2.34E-04	0.003037383	0.027336449	0.145093458	0.006775701	2.34E-04101	file:/Users/jenniferarnold/mallet-2.0.8/sample-data/web/debate/1971FIN	2.12E-04	2.12E-04	0.050126904	2.12E-04	2.12E-04	0.125423012	0.241328257	0.00105753	0.250634518	0.040820643	0.00105753	0.046742809	0.048434856	0.001903553	2.12E-04	0.068739425	2.12E-04	0.122038917	2.12E-04	2.12E-04102	file:/Users/jenniferarnold/mallet-2.0.8/sample-data/web/debate/1971FJI	2.11E-04	2.11E-04	0.113942713	0.004422915	0.001053075	2.11E-04	2.11E-04	2.11E-04	0.23946925	0.001895535	2.11E-04	0.162805392	0.006107835	2.11E-04	0.002737995	0.040648694	2.11E-04	0.104675653	0.001053075	0.319502949103	file:/Users/jenniferarnold/mallet-2.0.8/sample-data/web/debate/1971FRA	1.31E-04	0.005377754	0.185860441	0.020592865	0.018494229	6.56E-04	0.134443861	1.31E-04	0.140739769	0.041054565	1.31E-04	0.306532004	0.008525708	0.006951731	1.31E-04	0.086699895	1.31E-04	0.002229801	0.034233998	0.006951731104	file:/Users/jenniferarnold/mallet-2.0.8/sample-data/web/debate/1971GAB	0.00571298	0.039533821	0.287248629	0.00571298	0.053244973	0.00297075	2.29E-04	2.29E-04	0.330210238	2.29E-04	2.29E-04	0.146480804	0.010283364	0.030393053	0.007541133	0.001142596	2.29E-04	0.035877514	0.042276051	2.29E-04105	file:/Users/jenniferarnold/mallet-2.0.8/sample-data/web/debate/1971GBR	1.72E-04	8.61E-04	0.063533058	0.003615702	1.72E-04	0.021522039	0.059400826	1.72E-04	0.178546832	0.035296143	1.72E-04	0.343836088	0.095213499	1.72E-04	1.72E-04	0.062155647	0.022899449	0.022899449	0.089015152	1.72E-04106	file:/Users/jenniferarnold/mallet-2.0.8/sample-data/web/debate/1971GHA	0.001150895	0.063554987	0.190920716	6.39E-04	0.066624041	0.020588235	0.032352941	1.28E-04	0.300383632	1.28E-04	0.002173913	0.050767263	0.092710997	1.28E-04	1.28E-04	1.28E-04	1.28E-04	0.176086957	6.39E-04	6.39E-04107	file:/Users/jenniferarnold/mallet-2.0.8/sample-data/web/debate/1971GIN	0.249235214	0.170377294	0.060588035	8.50E-05	8.50E-05	0.016060503	0.011981645	7.65E-04	0.175135962	0.0017845	0.004503739	0.044952413	0.0017845	0.044952413	8.50E-05	0.096278042	8.50E-05	0.004503739	0.116672332	8.50E-05108	file:/Users/jenniferarnold/mallet-2.0.8/sample-data/web/debate/1971GRC	0.024795799	2.92E-04	0.235997666	0.00495916	2.92E-04	2.92E-04	0.037631272	0.102975496	0.278004667	0.001458576	0.001458576	0.206826138	2.92E-04	0.002625438	0.006126021	0.043465578	0.017794632	0.031796966	0.002625438	2.92E-04109	file:/Users/jenniferarnold/mallet-2.0.8/sample-data/web/debate/1971GTM	2.21E-04	2.21E-04	0.313495575	0.019690265	0.032079646	0.008185841	0.001106195	0.045353982	0.13119469	0.003761062	0.288716814	0.040929204	2.21E-04	2.21E-04	2.21E-04	0.086946903	0.005530973	0.020575221	0.001106195	2.21E-04110	file:/Users/jenniferarnold/mallet-2.0.8/sample-data/web/debate/1971GUY	0.004973475	0.023099027	0.114168877	0.026635721	0.020888594	0.065981432	9.95E-04	1.11E-04	0.158377542	1.11E-04	1.11E-04	0.168103448	0.081012378	1.11E-04	5.53E-04	0.090738285	0.004089302	0.239721485	1.11E-04	1.11E-04111	file:/Users/jenniferarnold/mallet-2.0.8/sample-data/web/debate/1971HTI	0.03128192	0.038432074	0.273365679	0.049157303	0.0976762	0.004213483	0.039964249	1.28E-04	0.262640449	0.003192033	0.015449438	0.144152196	0.004213483	6.38E-04	1.28E-04	0.011874362	1.28E-04	0.006256384	0.016981614	1.28E-04112	file:/Users/jenniferarnold/mallet-2.0.8/sample-data/web/debate/1971HUN	0.090638149	1.75E-04	8.77E-04	1.75E-04	0.002279102	0.035939691	0.385168303	8.77E-04	0.230189341	1.75E-04	0.002279102	0.174088359	0.00157784	0.007187938	0.008590463	0.038043478	0.002980365	0.013499299	0.005084151	1.75E-04113	file:/Users/jenniferarnold/mallet-2.0.8/sample-data/web/debate/1971IDN	0.030085522	0.001985339	0.136988393	1.53E-04	1.53E-04	0.045968235	0.034972511	1.53E-04	0.344074527	1.53E-04	1.53E-04	0.072846671	0.190745266	0.025809407	1.53E-04	0.00381796	0.026420281	0.0813989	1.53E-04	0.00381796114	file:/Users/jenniferarnold/mallet-2.0.8/sample-data/web/debate/1971IND	0.010794473	7.77E-04	0.118221071	8.64E-05	0.011830743	4.32E-04	0.020811744	8.64E-05	0.227374784	4.32E-04	8.64E-05	0.155181347	0.188341969	0.008721934	8.64E-05	0.067098446	0.014248705	0.051208981	0.124093264	8.64E-05115	file:/Users/jenniferarnold/mallet-2.0.8/sample-data/web/debate/1971IRL	0.040332512	0.012828407	0.01570197	0.066194581	9.24E-04	1.03E-04	0.03704844	5.13E-04	0.222598522	0.009544335	5.13E-04	0.195915435	0.031711823	5.13E-04	0.003797209	0.221366995	1.03E-04	0.043616585	0.081793924	0.014880952116	file:/Users/jenniferarnold/mallet-2.0.8/sample-data/web/debate/1971IRN	0.010106383	1.77E-04	0.053368794	0.043439716	0.017907801	0.001595745	0.095212766	1.77E-04	0.291666667	0.031382979	0.003014184	0.070390071	0.12570922	1.77E-04	1.77E-04	0.025	0.110106383	0.090957447	0.028546099	8.87E-04117	file:/Users/jenniferarnold/mallet-2.0.8/sample-data/web/debate/1971IRQ	0.079381753	0.012154862	0.051170468	0.033163265	1.50E-04	0.005552221	0.055972389	1.50E-04	0.258853541	1.50E-04	0.00135054	0.121398559	0.006152461	1.50E-04	0.003151261	0.048169268	0.243247299	0.078781513	1.50E-04	7.50E-04118	file:/Users/jenniferarnold/mallet-2.0.8/sample-data/web/debate/1971ISL	0.00601312	1.82E-04	0.135750729	1.82E-04	1.82E-04	0.004555394	0.019132653	1.82E-04	0.397412536	0.001639942	1.82E-04	0.101494169	0.009657434	1.82E-04	0.001639942	0.137208455	0.003097668	0.062864431	0.003097668	0.115342566119	file:/Users/jenniferarnold/mallet-2.0.8/sample-data/web/debate/1971ISR	0.00683429	8.44E-05	4.22E-04	8.44E-05	7.59E-04	8.44E-05	0.034171448	0.002109349	0.142170098	0.003796828	0.023034087	0.302143098	0.041596355	8.44E-05	8.44E-05	0.131370233	0.25961863	0.016284171	0.034846439	4.22E-04120	file:/Users/jenniferarnold/mallet-2.0.8/sample-data/web/debate/1971ITA	0.011924804	1.40E-04	0.220679012	0.033810325	1.40E-04	0.004068462	0.167929293	0.00462963	0.252104377	0.002946128	0.0085578	0.141554433	1.40E-04	1.40E-04	1.40E-04	0.128647587	1.40E-04	1.40E-04	0.013608305	0.0085578121	file:/Users/jenniferarnold/mallet-2.0.8/sample-data/web/debate/1971JAM	0.001463891	0.006018217	0.061971373	1.63E-04	0.134840599	0.024886142	1.63E-04	8.13E-04	0.285133377	1.63E-04	8.13E-04	0.177781392	0.068477554	8.13E-04	1.63E-04	0.004066363	1.63E-04	0.217469096	1.63E-04	0.014476252122	file:/Users/jenniferarnold/mallet-2.0.8/sample-data/web/debate/1971JOR	0.011983863	0.002491694	5.93E-04	1.19E-04	1.19E-04	0.002017086	1.19E-04	1.19E-04	0.143450403	0.00391552	1.19E-04	0.249288087	1.19E-04	5.93E-04	5.93E-04	0.027171334	0.376483151	0.105481728	0.075106787	1.19E-04123	file:/Users/jenniferarnold/mallet-2.0.8/sample-data/web/debate/1971JPN	0.010169044	0.0038299	0.157025885	0.026545166	1.32E-04	0.166006339	0.06933439	1.32E-04	0.295430534	0.005942948	6.60E-04	0.039223455	0.034469097	0.008584258	1.32E-04	0.018621236	0.015451664	0.056127839	0.002773376	0.089408347124	file:/Users/jenniferarnold/mallet-2.0.8/sample-data/web/debate/1971KEN	0.01558724	0.203600773	0.045070082	0.043620106	0.052803287	6.04E-04	0.00737071	1.21E-04	0.222933784	0.010753987	6.04E-04	0.11080232	0.075036249	1.21E-04	1.21E-04	0.027670372	0.003020783	0.16300145	0.016553891	6.04E-04125	file:/Users/jenniferarnold/mallet-2.0.8/sample-data/web/debate/1971KHM	0.349317295	0.001462939	0.110045514	1.63E-04	8.13E-04	8.13E-04	1.63E-04	0.005364109	0.171814044	0.005364109	0.002763329	0.095741222	1.63E-04	0.01316645	1.63E-04	0.089889467	0.016417425	0.007964889	0.128250975	1.63E-04126	file:/Users/jenniferarnold/mallet-2.0.8/sample-data/web/debate/1971KWT	0.020601987	0.014757452	0.098334307	0.00131502	0.024108708	0.001899474	7.31E-04	7.31E-04	0.202367037	0.003068381	0.00131502	0.124634717	1.46E-04	1.46E-04	7.31E-04	0.104763296	0.347311514	0.052746932	1.46E-04	1.46E-04127	file:/Users/jenniferarnold/mallet-2.0.8/sample-data/web/debate/1971LAO	0.217715232	2.76E-04	0.139348786	0.023454746	2.76E-04	0.003587196	0.025662252	2.76E-04	0.328090508	0.003587196	0.001379691	0.117273731	0.002483444	0.064293598	0.002483444	0.025662252	2.76E-04	2.76E-04	0.043322296	2.76E-04128	file:/Users/jenniferarnold/mallet-2.0.8/sample-data/web/debate/1971LBN	0.006578947	0.056488203	0.204401089	0.028357532	0.001134301	0.004764065	2.27E-04	2.27E-04	0.172640653	2.27E-04	2.27E-04	0.102767695	0.004764065	0.003856624	2.27E-04	0.061932849	0.26792196	0.018375681	0.064655172	2.27E-04129	file:/Users/jenniferarnold/mallet-2.0.8/sample-data/web/debate/1971LBR	0.002901024	0.090955631	0.151706485	8.53E-04	1.71E-04	1.71E-04	0.046587031	1.71E-04	0.277986348	0.001535836	1.71E-04	0.142150171	0.052730375	0.045221843	8.53E-04	0.016552901	1.71E-04	0.165358362	0.002901024	8.53E-04130	file:/Users/jenniferarnold/mallet-2.0.8/sample-data/web/debate/1971LBY	0.115898376	0.112231535	6.55E-04	1.31E-04	0.003273965	0.018465165	1.31E-04	1.31E-04	0.16671032	1.31E-04	1.31E-04	0.132137245	0.018988999	6.55E-04	6.55E-04	0.034704034	0.331718177	0.00851231	0.054609743	1.31E-04131	file:/Users/jenniferarnold/mallet-2.0.8/sample-data/web/debate/1971LKA	0.055626273	1.27E-04	0.057662933	0.036278004	0.067846232	6.36E-04	0.039332994	1.27E-04	0.236379837	6.36E-04	0.002673116	0.147785132	0.18546334	1.27E-04	1.27E-04	0.026094705	0.007764766	0.109088595	0.021003055	0.005218941132	file:/Users/jenniferarnold/mallet-2.0.8/sample-data/web/debate/1971LUX	0.001010509	0.001010509	0.296887631	0.007477769	2.02E-04	0.013136621	0.036580437	2.02E-04	0.28799515	0.002627324	0.002627324	0.224130962	0.001010509	2.02E-04	0.001010509	0.119846403	0.001010509	0.001010509	0.001818917	2.02E-04133	file:/Users/jenniferarnold/mallet-2.0.8/sample-data/web/debate/1971MAR	0.025062138	0.124482187	0.262013256	0.001864126	0.00932063	0.001864126	2.07E-04	2.07E-04	0.259527755	0.003521127	2.07E-04	0.145194698	2.07E-04	0.002692626	0.007663629	0.006835128	0.117025684	2.07E-04	0.031690141	2.07E-04134	file:/Users/jenniferarnold/mallet-2.0.8/sample-data/web/debate/1971MDG	0.061857708	0.092687747	0.170158103	0.004150198	0.119565217	1.98E-04	0.024703557	0.00256917	0.195454545	1.98E-04	1.98E-04	0.230237154	0.016798419	0.018379447	1.98E-04	0.004150198	1.98E-04	9.88E-04	0.051581028	0.005731225135	file:/Users/jenniferarnold/mallet-2.0.8/sample-data/web/debate/1971MEX	0.007377049	8.20E-04	0.246065574	0.015245902	0.118196721	1.64E-04	0.010655738	1.64E-04	0.248032787	1.64E-04	0.136557377	0.179180328	0.014590164	0.002131148	8.20E-04	1.64E-04	0.005409836	0.007377049	0.006721311	1.64E-04136	file:/Users/jenniferarnold/mallet-2.0.8/sample-data/web/debate/1971MLI	0.125399361	0.136261981	0.186741214	1.60E-04	0.0014377	1.60E-04	0.007188498	1.60E-04	0.180990415	1.60E-04	1.60E-04	0.206549521	1.60E-04	0.012300319	1.60E-04	0.088338658	0.007188498	7.99E-04	0.045527157	1.60E-04137	file:/Users/